1000 0.00500679016113 6.39700889587
2000 0.00309944152832 12.8290653229
3000 0.00405311584473 19.3548202515
4000 0.00405311584473 26.7210006714
5000 0.00500679016113 33.9069366455
6000 0.00500679016113 40.4319763184
7000 0.00405311584473 47.1138954163
8000 0.00500679016113 53.7910461426
9000 0.00500679016113 59.4160556793
10000 0.00500679016113 67.8091049194
11000 0.00500679016113 74.835062027
12000 0.00381469726562 81.7379951477
13000 0.00500679016113 87.9211425781
14000 0.00500679016113 94.9652194977
15000 0.00500679016113 101.700782776
