1 0.0181198120117
2 0.0150203704834
3 0.0159740447998
4 0.0190734863281
5 0.0209808349609
6 0.0240802764893
7 0.0240802764893
8 0.0259876251221
9 0.0278949737549
10 0.0569820404053
11 0.0309944152832
12 0.0321865081787
13 0.0109672546387
14 0.0119209289551
15 0.0131130218506
16 0.0131130218506
17 0.0128746032715
18 0.0150203704834
19 0.0150203704834
20 0.0159740447998
21 0.0159740447998
22 0.0169277191162
23 0.0178813934326
24 0.0181198120117
25 0.018835067749
26 0.0200271606445
27 0.0200271606445
28 0.0269412994385
29 0.0271797180176
30 0.0250339508057
31 0.0300407409668
32 0.0300407409668
33 0.0450611114502
34 0.032901763916
35 0.032901763916
36 0.0348091125488
37 0.0472068786621
38 0.0429153442383
39 0.0369548797607
40 0.0419616699219
